# 菊次郎的夏天
# 注1：BPM = 50~60 最好听，但是暂时 midi2seq 支支持 BPM=75 的音乐的的复原
# 注2: summer.mid 用 Mid 库读不了，找的是网上的简谱
Summer = [67, 72, 74, 76, 74, -1, 72, 72, -1, -1, -1, -1, -1, -1, -1, -1,
          67, 72, 74, 76, 74, -1, 72, 74, -1, -1, 76, -1, 76, -1, -1, -1,
          67, 72, 74, 76, 74, -1, 72, 72, -1, -1, -1, -1, -1, -1, -1, -1,
          67, 72, 74, 76, 74, -1, 72, 74, -1, -1, 79, -1, 76, -1, -1, -1,
          76, -1, 77, -1, 79, -1, 79, 79, -1, -1, 79, -1, 79, -1, 76, 72,
          -1, -1, 76, 77, 79, -1, 79, 79, -1, -1, 79, -1, 79, -1, 76, 72,
          -1, -1, 72, 74, 76, -1, 76, 76, -1, -1, 76, -1, 76, -1, 81, -1,
          76, 74, 72, -1, 74, -1, -1, -1, 74, -1, -1, -1, 74, -1, -1, -1]
        
# 铃儿响叮当
GingleBell = [62, -1, 62, -1, 71, -1, 69, -1, 67, -1, 62, -1, -1, -1, -1, -1,
              62, -1, 62, -1, 71, -1, 69, -1, 67, -1, 64, -1, -1, -1, -1, -1,
              64, -1, 64, -1, 72, -1, 71, -1, 69, -1, 66, -1, -1, -1, -1, -1,
              66, -1, 74, -1, 74, -1, 72, -1, 69, -1, 71, -1, -1, -1, 67, -1,
              62, -1, 62, -1, 71, -1, 69, -1, 67, -1, 62, -1, -1, -1, -1, -1,
              62, -1, 62, -1, 71, -1, 69, -1, 67, -1, 64, -1, -1, -1, -1, -1,
              64, -1, 64, -1, 72, -1, 71, -1, 69, -1, 74, -1, 74, -1, 74, -1,
              74, -1, 76, -1, 74, -1, 72, -1, 69, -1, 67, -1, -1, -1, -1, -1]

# Counting Stars
CountingStar = [74, -1, -1, -1, 76, -1, -1, -1, 79, -1, -1, -1, 76, -1, -1, -1,
                74, -1, 76, -1, 74, 72, -1, 76, -1, -1, -1, -1, -1, -1, -1, -1,
                -1, -1, 74, -1, 74, -1, 76, 77, -1, -1, 76, -1, 74, -1, 72, -1,
                76, -1, -1, -1, 69, -1, -1, -1, 72, -1, -1, -1, -1, -1, 69, -1,
                74, -1, -1, -1, 76, -1, -1, -1, 79, -1, -1, -1, 76, -1, -1, -1,
                74, -1, 76, -1, 74, 72, -1, 76, -1, -1, -1, -1, -1, -1, -1, -1,
                -1, -1, 74, -1, 74, -1, 76, -1, 77, -1, 76, -1, 74, 72, -1, -1,
                76, -1, 74, -1, 74, -1, 72, -1, 72, -1, 69, -1, -1, -1, -1, -1,]